29.733443893034416 8.88629596495039 13.787503967667774
7.570301788387094 7.165684192693568 14.936119732998744
18.347321940052943 23.3429117417728 6.017889856200386
3.760349734393797 31.945398850267004 16.212465545420468
3.4939998254031903 16.476747403124065 26.184374268814462
4.038943674473758 14.680688892475912 26.55211946023059
8.967025896558612 6.219791001157059 19.01947326891459
4.234588382665076 18.152619018397147 21.562014613068637
6.457969661172575 12.132622205239125 15.812980197611115
7.379030867282808 8.53893735481471 12.593657770282634
2.1803617689453887 9.852109477508467 38.47079772933457
15.37294109719684 36.737381700448296 2.143017641152408
12.095958664456836 40.719653108626744 3.154754122629387
18.386566167558357 2.1130296048696975 30.707035274064697
7.407303509811593 5.879425382136022 22.419616929874692
23.32218299431918 5.393497643683 18.57683424285583
7.543404631527169 4.7173840714680155 27.86450410444907
8.12396710708537 11.349599691730997 11.742634590655841
2.31416727117078 13.430313454883612 34.928004374632465
22.074097215274183 12.128874428937282 10.988832816659599
4.004670719111205 10.472445409647566 30.585563099639927
23.599419715461135 1.246157254852679 24.82169650535355
47.85249344958574 7.3415870150049685 3.427923362526455
1.1640544796132486 49.86383803566518 1.4119009525365576
6.920064644642335 14.295682960881834 14.892623103072783
12.097389892972181 35.75282530269819 7.422801749059803
23.488902650641236 13.01491844174089 10.318874099204308
44.559371724691395 7.547564834979773 7.352598712677155
0.13988283676329866 2.0793365389398435 48.782212295473464
13.68620883972424 5.724979734555527 20.529400104899885
31.62168648435679 14.629524057361916 7.597741468180359
19.815717675871095 6.939157323384571 16.454153918033043
35.04584592835102 15.704243255832333 4.605809458960363
0.29912444203149335 16.650275525362616 34.7792686474495
1.3605993885165588 12.837067452245323 38.395943687932956
19.993758628010525 13.81611063603798 9.60456850072153
25.004319173119992 20.4541782447774 3.819874423918663
0.904626278776194 17.749721749681154 31.52615292644471
39.42104620961086 13.13945248203969 5.124300486893826
1.090524334771726 4.129770746606191 42.68342722902481
2.834137939681319 1.363914029879333 38.6200053942354
16.72826487096795 15.02722573606945 9.046186106051975
12.668395770011731 4.013272452519085 31.165067485365288
5.469258124307589 2.7168043871601317 35.58165150050189
27.431385849877795 12.933390850092671 10.219477314034101
15.806777524611647 4.77602611120817 23.94633980168811
14.391882426070078 4.62710084175399 26.313997331185345
20.44643003664714 22.985023135446866 4.698072668361935
4.969682983445852 0.17145585111586542 50.680214659828124
16.283643629241425 0.14458837796930463 39.37411733576673
16.551287735051453 33.12724159730181 3.400258354852519
3.6250154202208207 0.9158690461512443 45.154896249661626
13.795300878996734 21.310678776548084 9.3753679184962
21.00579917224497 5.8304062083515475 18.298156286803817
5.595725311963805 16.472283574881658 18.481935301257497
5.3156188016853845 30.409136226905304 15.63443230747738
11.099820280613454 30.085556514913996 10.722598578664217
5.154623849428844 11.084364186312284 24.14127178616976
18.42663164245606 28.55518089054484 3.724445055583696
29.898987743906265 16.818523751115226 5.703860102729521
26.87966139140278 19.177629425871775 4.234820541882725
10.250517606674233 6.500254452976204 16.346997653846653
0.10494803290409097 0.09390846156681086 34.54051424657568
8.193888353443723 16.214762357767537 13.28734670565612
11.106237905550602 3.944723162750621 32.34858397551461
11.712631239886152 17.769816378869866 10.517553763395254
43.35441800387958 6.712882127129305 9.282364555696958
35.251439276181415 7.624270647841974 13.346594040011581
14.090267529586795 1.7100256080848144 38.751846967026076
23.550111438407978 19.571765862714265 5.249922943524109
6.090824236888504 12.076978334520843 17.552101901106152
13.228170420976207 10.421429423553658 10.639610923825407
24.79373908255067 11.096253705161415 12.04639208344006
2.9863605068688877 8.408127001296165 35.3782436498991
40.544410037672236 4.948732052303342 12.77303016176073
32.759629578710516 10.27636685041018 11.756637118824587
3.728666064015738 7.5703040552336835 31.624940365617324
23.261345625363496 14.98528900278758 8.75602936035674
2.2284918668026883 7.606501487409176 38.64618210718442
40.13465371385304 8.578194252545083 9.953530561951327
2.881684508513164 15.231062742547833 30.47646014902501
33.228074412972845 16.646803544811625 4.349179805716684
8.076962448977357 5.351097243977408 24.860243991578933
17.684247362166918 13.149515078252657 9.8601977206347
8.45170065619912 4.342598273741019 30.142985779025867
27.322524404421753 8.638174211390849 14.36216758868839
19.750963766503904 2.4065132186968254 27.475682090193498
19.984781885563763 15.862909026277464 8.409139293886037
23.26047817018227 7.890642813097046 15.31652653560901
14.871188457123477 24.96868565201253 8.288744970984064
18.408109567585974 17.57760283626439 7.89303897614584
8.420633268066092 3.9877920790484254 31.919814396333983
18.93884440956447 10.198978549026666 12.208827334880166
3.421600674548537 4.5061464632915555 30.43990831410954
4.868743720501737 40.6269513217903 10.690845535102197
8.372570047234968 1.1654406510954132 45.187979404565695
21.101431959498377 17.42171383514581 7.384337633742035
0.09416002483262205 0.1644782539368949 37.52943198656833
13.551753777206246 8.764369420788489 12.031881364201217
17.783768624775306 4.574761955091954 22.830527244463568
30.5873359730055 20.079730391502185 0.5179564407120569
15.48496915307302 3.8484446959618928 28.860137330795823
9.497524325832913 17.415246294901298 12.168720582075299
0.3498225691228025 2.3558444560848963 46.84824062663937
0.11733129019224721 32.333809799608744 18.131619072325684
29.10212931226251 2.9241077125141017 19.550098628910675
20.900926955466687 19.84354666543198 6.107015106815964
21.39310031958979 3.2507698963699694 23.305590154225566
34.35650782481771 3.581454482643583 16.9295637021768
14.27971083584519 37.068755613918576 3.64056002246796
0.71780024477953 3.484584762333841 44.74145836439384
13.126093692750368 1.2518146816037994 41.22799935150117
9.48164309545635 30.148188401784278 12.176148532350684
21.918713466789836 1.0483391459746918 27.265481636478174
5.609513005109614 14.485514898145825 19.13971984970293
15.140561904049452 3.621977233125905 30.35517509727116
13.354223927944153 35.699139666107754 5.984454552287404
0.9578373928674405 5.411282161538867 44.23782532614247
29.654161759592014 0.6773185498929383 21.123301997481168
9.817513202454915 13.139821246739487 10.835863825458638
6.340715359109798 2.0903613044645244 40.32489849258289
26.818348101935577 15.803685630398114 7.62293154394855
6.016041447070106 21.597747987490056 16.850075508264112
9.57986235700185 3.50252220287402 34.67047448597348
11.782281532461353 2.2247959614473083 39.36996299993276
24.56602701610395 17.25345953118288 6.796868491502814
26.586684438340768 21.923385964284567 0.9744191934692664
1.1143286327022925 0.973359898508857 33.8466837708097
17.854066409166624 3.104758673797969 28.303208284736126
15.224423539138483 6.687629137762118 16.438395859348194
6.32337466450071 15.780716621928901 16.564480478335692
8.621293919350391 12.82312834367532 11.68813354614516
12.837106405762993 14.459391980196242 9.756579013620398
4.521021504243489 3.8976327170002296 29.427274848226368
1.2202017142186985 0.29100368179541114 46.92520637244638
7.171387959082041 20.957861235258036 15.35264452779093
11.304229395688964 35.07682139412708 8.64366928947792
0.8034895120642156 14.561583548962945 37.32900072310139
1.2332724889697415 21.61607767034127 24.3509792496696
21.881801547441246 7.399782412759591 15.886816715135064
7.53832186994804 29.125502889597996 14.132438381226764
8.681988311756472 18.25575306956187 13.195291561002662
13.898292788021099 6.349986297149331 17.39839084094353
18.155744521835533 0.38975502194895284 35.553943411107696
33.05854550922378 3.0664392029196375 17.846715145752597
5.569534788919814 6.149341626964044 24.513756980051042
11.039140998185418 4.470499632952309 29.674981108089536
46.19341419386415 1.4147314060672995 10.660281719539437
16.11667307852557 4.12235043445035 26.712392449262147
5.73618460209211 9.853475560701854 20.981849413184694
4.359239071702598 7.903530157092601 28.840328487414826
19.18356253128991 24.78813026544786 4.803543211565469
7.8235676897487005 2.605708962029734 38.559277073404516
41.759028870354655 6.597635532319026 10.638497527116204
17.51731223009699 34.787632305668794 0.01830771761635448
1.2765076541768274 3.6201985118177973 40.479895813670346
23.189067985264924 3.192549386993433 22.061538328776457
36.476976988167806 17.284135305620588 0.4969474806352932
18.748633741176686 31.364799751283147 1.237230957529752
10.774985420000558 22.932176213847846 11.751037783688249
6.716559740619943 24.440328411627487 15.7046746790471
11.242277059620996 4.974721589664959 26.755666430790598
36.67883811067529 4.5178851480876965 15.212848545013557
4.913441812213526 26.90563124375887 17.022004169406582
2.9370389145477382 13.842545220950296 32.267705917406644
6.812554910410011 4.1496057275445635 30.04773913367826
49.24565469827324 2.030518434305496 6.825769166200576
36.87008507139762 13.611725205469106 6.343386123500379
18.464969824837763 14.988361481163942 8.952854693616077
4.651171919338069 18.5886293602439 20.13668113561916
8.870297515789046 39.27880421351654 8.409296420439022
11.468790583326326 9.35109196661174 10.875136035245761
16.143545483272376 7.983282515161163 14.031868399106418
43.10712314546223 13.065555829676805 0.9864602720147617
4.184347652855733 15.69206202037506 24.496810650552288
15.095991477131038 18.258694775971072 8.799845799786487
1.0617493815244454 28.131916944279226 19.691120237139078
6.220583651251782 6.7677302814122005 21.62512377197437
36.01235159073732 8.947962374274995 11.837059958136907
34.86056088523537 13.044426172694532 8.114937031307797
1.7614475323418293 3.927688351414642 37.55375051623278
22.022141889954547 14.102977596634291 9.450885557403856
15.185616004419119 28.211404820441352 7.3215100965073425
7.068975739542823 17.824579459084354 15.273078117137652
4.9809022705240364 24.9868043234612 17.462682873378508
17.108304788696 28.083371655399503 5.431124923584122
8.885258833038094 7.082693681636031 13.536504029816863
2.9664312577074106 11.351331578177088 34.63557043388929
23.486232799404593 4.0185728694131155 20.5816631900871
7.345200400460489 6.887960079535486 17.256371815974052
6.247388024806616 8.048057356035699 19.070321320274303
14.292148995977465 31.93875336621492 6.932040376366371
44.96337342733864 11.846997035552493 0.4529279188525796
17.92765369845104 20.968761267520765 7.003037807661902
5.06292375622511 35.791532477572524 13.5911699560107
11.241576611649595 40.214849884963414 4.947510644560064
10.734405589903226 0.24764576776830705 46.331215732728815
14.900859338941494 38.819077528477706 0.4366192832086709
11.565730445313088 25.659139481079915 11.007307588725977
12.991334052746115 24.708389781022184 9.855040072890073
0.002176787409697115 0.005161208615742405 40.8198990637539
6.187370834923186 10.102397184054315 17.500090950983296
4.922506161369433 5.844413893075949 26.430796652114598
32.24459684984471 17.600982105616858 3.5291521082026116
8.39374325938365 5.995252582915668 21.050810227871896
12.823263939174051 2.9947091022886267 35.57804044316546
18.91101055133937 5.673933194446104 18.97575523307875
2.454636016777251 4.647031428599217 34.754310451406944
2.26662914991744 40.18618745153025 12.587690711008237
6.851314596374613 11.57921445264031 14.283409765598904
21.106550593688603 27.33829778854418 1.0267299905275202
12.907834842592194 40.83132085513914 1.5940881882644857
3.2998199187256536 1.7267819763013192 37.116910299063385
16.22345352766585 23.39091309340992 7.510466737784888
21.34867653818498 4.508084594395848 20.685613051960743
12.95061024283602 5.060399860802761 25.18185586980621
49.514486924619426 3.2809243763647373 5.424481455173392
3.398161138132423 12.1232394815603 32.30625441632975
8.945913959432517 23.80254265257996 13.462164315848314
2.818425157373465 2.9449305394925682 31.311747521471688
31.68445948116894 5.189252819125832 16.679797851152955
36.40267859911059 14.596541222072286 5.310899713152195
6.793746041945726 9.73826396833032 14.114521293827
16.045642774433304 6.115253118417066 18.204672993205122
0.757181474031618 1.6153177517612445 38.814355144424844
34.727428263661665 6.415228246937207 14.582290541841255
14.673020942971338 10.998525945515517 10.612288810559786
6.135550413013484 41.2928701436642 9.214618470700428
25.49089659600905 18.275546036772724 5.665641439967108
4.936525657423518 3.1676264726628065 32.394465338973916
50.71612601855926 3.202788986635982 3.517939819412176
2.871221941985353 0.4476132830498917 48.62081475509572
6.659697863110931 19.64090667076844 16.03199495189601
51.024771445878464 4.019995897150101 1.9656687465203677
26.3689793688497 5.680155376429848 17.602828951988084
10.498817420368395 6.265695330405994 17.95123642920326
15.64501196305188 16.10689162444595 8.92427403133865
9.419245322145965 2.0668039143807415 41.19001654284642
25.01840827363967 9.076427695897074 14.035166374199457
9.999947216936436 28.510940430310153 12.059629126460965
7.856567117734413 14.484433052372205 13.221539222823086
2.938061358895141 4.710150138915509 32.47995609971218
1.3396691064669655 6.655445138893525 42.54291371881424
12.541032160353128 3.6306999013719046 33.06923533816055
4.368714335906548 42.49004100309624 9.483940324806152
35.67556060964176 17.022234185754737 1.9103465165342461
4.355278963462553 11.55399347869593 28.32182418358674
9.040068011699818 10.3498500128127 10.801923289061085
14.382959696986909 4.3249302680829365 27.931976970809536
9.246145954407465 8.070791079438818 11.53848192619805
5.442519565360588 1.3866283476628418 43.77933060704978
8.191035617027593 20.37077870347643 14.083120803048143
10.892260012385332 21.317323524034364 11.553197067573823
5.787690295420806 39.38065494531749 10.94445157834449
2.7325904948525057 46.545105255702744 6.116495726707562
6.529265135911088 8.14169995899508 16.973181631494906
2.0767093157625722 16.415056640038273 31.09630004587203
19.722855474214704 1.1197211087703591 30.896671435202816
10.931044155006694 0.9465941432980254 44.28172683748884
8.25412795147123 34.89303417931466 11.569672364838015
7.539054721989751 1.528883526940803 43.782866815848756
42.011017791867886 12.606146916900926 3.372656394886019
3.724699361014805 2.1380413193496666 35.45237422377929
5.2666971929636714 12.519240198484917 22.349069571710903
0.9224708199134036 44.68896974063731 9.368486993503893
27.426853651411136 20.833746540573323 1.8706258870183583
2.310785873309168 20.341486807048224 24.001613576408005
0.6804314897249987 2.3800206718344388 43.18303899179395
16.521469747869244 5.432290062475694 20.484989427648422
9.549756695735535 21.64486359737784 12.792039304127771
1.9633366562361134 2.2910205911346293 32.57591299378993
5.688265379268358 19.51886837953191 17.63514327400229
48.4536603880828 4.416847210050709 5.8907899469602425
38.316418006865185 4.062335100223878 14.70388392146611
24.962649503119025 1.1830252900078726 23.644303539038408
19.574212227283034 18.432952473778908 7.241735282108692
18.229768354219967 4.917684853563153 21.32065311652741
11.046664894757745 6.869990334035101 14.64316572800319
0.4757943133131644 48.66838132832852 4.336841243580718
11.251248829935985 5.269692299651748 24.91407669931504
2.7335601180894242 6.076424542034808 35.23434533338729
16.27425529251224 20.16464121721778 8.020862190526307
19.949856073193438 29.768069115886814 0.5873743499227523
30.78471163780356 10.278814739055514 12.252735350243949
4.685179597465989 8.734679324926047 27.423626842397894
13.666349669021129 33.41911502827657 6.939554504412362
5.31316381649756 2.3797079762891253 37.30216771927531
27.777327423743944 2.2910673507610646 20.71094576871364
25.3810665150097 4.683340817305825 19.005408538346522
6.68945893855811 6.8209145850041 19.890697246217712
36.100269080286985 15.976957992274931 3.422302837405239
1.7268156768450982 3.068153518309005 35.59848062580449
10.577263920534742 19.392837885896938 11.591666752085313
9.940837637066531 5.724924322095717 22.27494022021758
2.065056529294965 15.392569764064994 32.874329510336935
26.03508717976934 21.181806613705522 2.4080377127465393
9.21521390969739 5.036773350991378 26.676426720000784
14.291171282866554 2.7356285825610445 35.05375667376907
12.315403089262128 29.6479782588954 9.697178125158901
1.8957705318980491 6.274710389947733 39.74002329172671
