14.18787284874346 20.329524466515565 7.40912025383333 11.495596736769839
17.50844580245516 5.674938803864799 7.596411385291833 18.846990309771485
15.384746042252486 7.754305938749643 21.91940122869978 5.650903527691647
0.49220323491836604 2.321095815113445 3.68861887906262 37.259207336665675
3.655002100404686 6.373774213283811 6.090300455481138 11.987923266153622
2.8134317024384163 1.9514783816908838 5.967417700776412 25.007141317194893
2.159252562330023 2.4842449566391185 14.109752399421824 16.759823313362148
3.1647798394369353 3.6622501351161287 5.401272190481443 13.625685246287208
2.6273871840674334 0.14138500833630263 11.889200189641368 46.42528756947282
4.59738617262981 15.476571584687157 1.1990470027019153 38.68860248352444
6.8628138406996895 16.269519886198104 2.0292701550442325 29.489823563258874
14.610019451625524 3.3787191150030407 11.637328705630017 15.066221957256856
4.561370269876681 3.8375384316497874 3.7277651820535196 22.019052644875767
1.1121610147858254 6.454447449392172 16.785979679888182 25.172753966999352
7.889344113763749 21.521539259176496 12.594768485800424 11.410935620274241
8.401259131803613 0.4436248917652601 8.836382713929142 31.90580761573616
55.66246749315042 1.5756605994029989 8.543223440918187 3.98898973267666
0.2304497860626834 0.47607027522579465 0.4959493854833322 31.059031783467926
11.402594176868416 4.381604964583785 36.10179015176229 7.495251880484743
35.65909891708633 6.040016962010478 5.88399330252927 20.303181465308043
0.06813517183131065 0.09428654527812817 1.729207193342842 40.56801332001735
29.23749174255829 13.52649514870988 7.024891083779095 13.79223806959416
25.798769104157113 3.094092535856897 9.099070507889133 21.575747554145128
0.2542133385702703 14.150372001267783 29.557444172247223 14.684883573301736
1.2564516234597578 0.4965510806900214 12.746612580737695 38.12539122993378
17.439726728928115 14.266146443898318 2.6642423507206727 15.678190710339173
1.0641539966070297 0.1312306076870015 21.03799100644787 37.366609521434235
1.0168667209008992 3.85083239619127 39.80044763721483 13.33216793188473
2.6089546753387682 1.049557010087681 1.3533347416850319 38.320446801699156
7.413647661483843 2.34859949694231 18.238049542925715 17.810739228036113
2.2632380059522097 13.18675536193429 43.38150068251165 3.323231095542021
23.4424725806721 11.052692052733585 8.733420106228873 13.585516259396115
14.943076674159565 4.804314029980491 27.32179627949513 9.52065477665996
2.3899739845360437 24.358168035975666 27.51392720486343 5.623767643771645
18.692081468791738 0.16597377110300948 45.19775952847985 1.6874375774084927
1.5678851128238418 18.93531107390378 38.0285402661854 3.903339231645363
15.731500906240608 24.301678189294396 10.691220887448178 7.79691325490425
0.7264403766454332 0.6097503765092102 3.3965963373759545 34.7023940011273
6.171374435257341 18.1668370187846 20.383227673524242 7.7697251144350385
3.8575338409736064 3.449585677947314 5.871751510974124 8.291968908275413
2.5390023022241133 14.524906651372218 7.46777771386956 24.623511388099626
4.611452639509029 9.1069769786762 27.66822023506576 9.861051392538375
7.5239139133552015 11.659576582934736 1.5207556387390884 30.018137470386755
14.542386571866647 19.69394686853019 13.770994993378062 4.6703164962625605
0.060289757597698786 14.786975347961654 9.377077818446265 23.581702871322925
4.574804886554849 9.053012546535918 7.418580290130089 11.24477199263939
9.450957611821899 4.670511169611755 3.7443252541917302 30.705226937244138
20.898473386411727 3.235863723678102 4.474451683628768 32.79422853086749
12.066983983671529 32.945561578105774 7.588472791534235 13.283928445135658
29.07407647787882 24.16256156527809 6.48135621617717 4.654899095608988
4.37012013094847 2.7610428214156757 10.249698054464558 14.89642025715111
3.125770366117352 20.34827200241024 10.163547663276356 18.087660064256465
0.5672580127660919 0.2515658733805224 47.212087335418154 0.2298029415711113
14.653332244596003 4.0247264145461354 21.390812387282754 11.74307206722596
3.0450387091415427 0.9522359795790047 8.982761879199208 37.796091610217715
39.0682782768007 12.255326600128118 14.020658245052196 5.28255098891285
3.8507506967108514 1.2185342128152459 8.200270325948772 34.25662406000495
1.5835240131984016 5.405035549455863 27.461243317422156 18.05917320678425
16.563327363415134 32.5645305029711 7.808780743563365 9.060757485128596
7.118364233607099 3.5662015645121814 0.9317135139932435 42.36858642698645
7.352356201669336 3.2896817556700992 5.336387372428865 24.791904550318886
5.462656897409736 2.8067871044783606 19.482562844147168 15.189433882507025
8.061467815458666 17.266815833580747 15.12566929074354 8.01831869352688
15.514527558267558 5.2629870495598965 10.21598400923072 13.979294117315401
0.025468862472027762 18.656892141185327 31.324901201768654 10.398789945188993
10.4157124675133 9.945793528579346 4.466054711841429 14.144619621707333
3.70882966116574 6.4388505821519555 3.518950850116343 28.167029719447754
6.362674238365592 0.5076013752400491 6.5376447708431735 35.78389781171505
4.2426650800826575 22.825530963239025 12.502579582505874 14.966384587403576
1.0455649314195044 25.641137799494356 0.34494746764706113 33.799732719887274
0.9573171602781927 5.11744032809454 43.44294255297471 11.43186415208732
13.39329398348103 9.165876632193838 21.127108425357417 3.708374294361297
4.32427916673795 1.1669338918893588 5.448354205551472 33.1234560967902
0.05647376601513166 0.09864808812360795 22.5087914373189 18.58389156782396
0.8707935377472924 0.6491943289325197 11.507500794515403 31.18191194537988
5.562366071253145 4.743030436980748 9.65946576441603 7.8343270641204725
23.86267024995211 0.3377983758910241 6.139135954696947 30.63759645792483
10.902282239447334 2.7095197829279645 20.319146879740803 15.24187504365447
4.463590049780633 5.954339549464087 13.645424105328008 9.534596889982856
0.19929286231078663 1.3421174796968058 26.68930135673987 25.716221183422263
0.08239708244940827 0.05507503171548346 27.312087730761256 15.315620827648198
26.50279493559663 25.162015502443214 7.743817744992462 3.753464014638876
22.276990100901777 6.898603254723571 3.5436765145385096 25.405511654089036
7.487644587123084 3.6697376031960958 17.402145867486137 12.72075928927792
16.73613374446609 43.445393175480916 4.266816053994275 4.8736713239273355
0.21656029561142118 0.6771260785646216 3.451153119424558 44.31220192171884
11.56862236395042 36.784026045507446 14.856208233110525 3.9409251696462015
8.366036847151546 18.837225212866162 0.9858144136127999 25.639321868826006
17.997454861764147 2.8257787246809736 4.358158646786761 36.524986301673906
1.5002441004065825 12.076924323999647 11.803616765310206 17.039122172248863
4.465109258171473 4.3855094269817725 1.1643825440927087 35.964460495291
20.86185141070411 13.781903219951705 0.5710867844230643 17.81028825512842
3.0926047140160664 1.0195476153800045 19.667965538180177 26.682079855738536
13.43767441007706 16.800729795711575 7.155709287541556 11.318626057623398
9.117715717271405 13.386035065321218 10.942459355311012 8.116136635410601
17.58150405073507 13.213646031584155 12.960410831042395 6.251473666146111
0.6143386068762322 2.0881632526048675 6.628658252733809 39.83927408450104
10.903831078131011 2.058922058524415 36.43466037717877 13.925090759900046
32.03738532946247 1.2269557931513966 22.517314176988254 8.870523790677032
1.4965831256567688 1.2340827818339413 0.054850740250979274 42.90601739343843
0.5029345580586848 0.7854902551350795 0.8147124225718535 28.330028567217457
19.24649343018563 8.454402883141295 20.781179471025087 5.140285540130713
3.9842461949414902 3.013777293521557 12.467363337969164 13.086566445349783
5.894565344583202 6.639489319177546 4.480043299287143 14.791717400894676
0.1507032196351942 5.637479139805428 4.861881949324902 36.707393125673526
28.519624748362883 24.45313926437513 1.1287701978630096 8.963473139378252
8.35140800129561 1.958758691525033 25.068696572302912 18.364029751382166
0.24743210143286576 4.484194458809804 11.495349913873874 38.295412017550355
0.8448318116519754 0.5810472290923889 17.97185418046208 20.24568263034053
7.55555284760025 29.192077506344027 14.164742086762201 11.26622762699704
3.2738757105687877 8.281588892538016 18.725149799218137 13.534572371933583
9.717038247858282 4.439614322699961 12.164143598870544 10.453477600274907
8.13624733511872 0.1746633554392351 15.933011008371533 28.8216709310444
10.684879379010642 31.570220644442195 3.0915583131838997 17.99290868683902
2.3525315453878957 0.01144885460294214 27.48510486083277 30.457355387477516
12.537883001132908 2.8920729980422295 5.210769918835752 34.588862900305216
20.34473485584009 5.203811367465067 33.72014429389302 1.21661281935626
6.636194276820813 12.212367833508182 31.64007467518475 2.486925719753465
1.9091436416480145 3.461378029008475 12.630720373242356 22.73448455999741
46.75394869746033 11.875091144784092 7.708886891914073 7.5594561844572725
9.375838822974472 4.47398195320302 40.47232865021354 0.9252893624517579
18.023260852560526 2.762088100193909 20.127906711377726 12.842680687299183
2.6034977327025173 6.65104909709859 9.784362711857714 15.653130547025789
4.413825944029588 20.63936056399601 30.928943223357276 3.241060854912268
40.93457598436188 6.467377722152121 10.428460554846367 14.233035198986475
26.35243993867534 3.5902803692111593 6.833271395172451 24.21158871101981
8.408463183871719 16.6983679718691 0.008787864686989368 28.045545838880347
43.9884983852742 1.48938399163218 20.855314794246326 0.5996247982093975
4.909089388328265 10.447912318629243 5.353779391540511 21.287490222414217
2.668589838727617 5.807814108083871 23.257724584257733 14.944766380343465
32.502756957800855 4.003499851561929 13.480784680322214 15.670972606781119
8.374659962039594 1.1597970569852432 5.149787026896769 37.29015895439259
5.417903090363441 5.022081213713232 36.47696344748415 1.5345691314479204
5.120062458751187 0.8263743538688224 17.691114671243213 31.97289292951337
14.048103698973383 5.625373360501845 20.35361512316914 9.363399482711891
3.2759655217025663 13.092551712974181 14.182892885024758 12.776613658629872
6.027654441487482 4.429806009916289 33.123988358602126 7.0915966591162904
0.6867592835266688 9.886582501928125 21.400251211991467 19.228928510366323
23.451883600905788 0.5135982039258786 11.60017199856257 20.38911770712192
18.547918813194247 4.904241879867567 23.61706919899903 9.222474978604186
3.32499428330141 5.015388310632287 8.996242543029828 9.983113041669377
10.566611072505417 7.390906804205745 6.135203298644926 11.83411564928681
31.06355722179119 14.739118868697602 8.543102413678614 11.301479741348544
10.51254786055331 3.9336760789751026 2.4471397407472786 39.6743280984449
9.650418197371279 7.6865973125095195 22.920289423500208 5.948343639641618
1.8577394797743685 9.319390412413583 6.513100164328633 29.049282972917442
11.871067384905372 7.650199147534939 3.804566870635369 21.20771864146892
7.563125634834568 12.414910226516227 2.400955596879967 26.91227486840948
5.893095528935944 3.932089429746236 5.647243972739047 10.79306041323579
3.2225196588389458 9.525285298756986 42.74522937859437 1.9144331063148032
1.0549015404008086 1.4617194019699482 5.336938183615178 32.077878152446964
4.810778079358138 1.5224197032890308 31.654454794592883 17.529357347927995
25.11449090726184 4.297173269593213 22.008552732087033 9.169113873836746
18.020575162464407 0.17553520942597947 40.27260074736977 8.740832531596535
20.02733179660513 23.42461240785371 7.823230196059228 8.377742212832839
23.723419627109926 8.919729283470252 15.740543121527235 9.103754955501696
1.8054407163180728 6.458660550130606 0.7945893597210527 47.74044813857049
12.60655573246387 0.13237541694800947 0.29085283368106574 54.414680715886284
18.578810395990814 7.265963629983169 17.10660629941843 8.693917625838422
4.861119376613233 6.288730283980738 4.208741191282801 19.95363897174807
0.0022530075403115433 16.41846217590232 31.226490306506985 12.454810533331674
1.2739311583733688 12.688823165345514 3.7172423446084526 41.3146008859911
2.246133519457574 2.66679888586862 12.0603400707102 18.63378120219352
13.011617931139112 26.554212610293057 16.141432685366116 3.2364995799178393
7.431600906616596 7.142487360360823 2.4071762800910976 28.597974668544452
2.435595444570114 4.610984480350959 34.48472182273193 10.464194039436816
9.252955115400706 2.8937432472671434 10.072336949172639 15.118991540312228
2.804763842211659 8.661823998704117 7.1482507459590146 21.105314850888703
26.289314464440626 0.9786210645272079 34.07486639386758 1.2797317345947763
25.459690834476532 15.267574331794307 6.608981286179526 12.55414907735206
8.064191837337415 2.127626590364847 8.389152469192638 24.012649798342764
1.4465863607659815 3.808477067462458 16.48854649024462 24.4880186771856
6.774901421989581 21.677898537545357 4.7959499247241055 22.00650016256369
7.489627302366102 2.926542320993999 14.56322997219991 14.720999323431485
4.196075854393595 0.4586886011438473 4.35192915845096 38.193512358823604
6.611628954581951 16.964944943995743 4.447198343071155 23.193294696778143
2.730820037963565 7.265938474806332 4.109445746380584 31.333658840231895
41.542338425712494 16.65741309780993 6.060740630063921 7.3972482000059445
7.366912873110054 8.75708218079595 19.711049513856175 6.81363040907199
7.452310081909202 2.8401955040667244 8.455059731311646 16.660442080014747
3.319931285693503 2.4807003593310943 6.717816768001341 20.427467717909895
11.32022194558365 3.351579159319647 25.79881287459782 13.670869836892956
0.3187956497198384 0.6800962382701023 16.341984043585793 29.373362779631346
35.26324964196385 0.9969012814078546 23.925678921578935 5.381865460676403
22.78519393891257 4.209128837847376 9.567662642531362 19.600858688504736
15.373925814129278 8.897191398740636 6.20298899596919 14.646124065431964
4.1877878530236305 28.18423260565898 6.289389656060775 21.872238605283787
2.0796817171774418 19.850945659691433 4.803305229933114 31.987477079119277
20.206141400431978 14.4866723694195 4.491044543252588 14.23932110658928
37.505485880436986 2.368519966851114 2.601579666729809 24.171846014303227
11.66299787644389 8.953964627027965 26.30538222476361 1.5469638465061832
0.9246469099557895 0.1441491627571854 15.657823404534799 43.834962393318186
4.358501846779095 3.1893408281556557 15.928084704911832 13.001384195902183
13.878765953087807 21.36126981117252 12.686565671944456 6.596050214952983
34.35142643811021 25.428296181595876 3.3671967753945036 1.6464677164146875
3.5306550428119508 2.304067616742752 3.1814409274400184 25.662693134203124
20.411498649250035 17.60007123747261 11.280584829985132 6.293686894000732
10.445137161603009 4.151321145374041 6.707947090599283 19.218289084945237
1.7303372283732033 7.3908702604314955 4.545098713696427 33.9736147058652
9.346902327617569 2.93520870926653 40.24039832527139 9.087603581551411
5.5830181131151795 16.456330536744396 18.269700302867665 9.239574942935755
13.215491190377584 4.794447709993211 7.413805688395733 17.789316727532213
4.826759981842846 13.761619269415096 5.820924250968293 23.068558345370825
18.862605502749766 15.134888649033503 16.27057046574457 0.4513125088099507
1.2371084680566689 1.983269207441571 13.676102648915732 25.57900026575439
4.40989703476501 42.89058322869615 9.573342887747378 12.786512725846027
19.515726963109373 20.67720646290141 13.566309426052097 1.5225000238789304
1.9772424014416212 1.7038596145299132 19.768166114978833 15.218045010968373
17.19711462226411 4.54316197934925 13.80649249865275 13.023547836074675
5.111263672713935 13.559523428433078 33.23789642614993 5.437271505448698
7.414476934665241 2.2295199591954797 14.399053001104745 18.71733132272978
1.4965872939911757 0.381295894608823 12.038466585027107 43.22543426506751
4.24700265573611 10.56212612154065 7.302013353142087 14.991040464349624
3.6136137699456117 11.17237049435722 22.980814607335187 12.454747409194246
7.83893024926107 5.252826960971756 1.4756838607880152 35.972855809804955
1.2094792869593136 28.193135145072468 0.4238693370643613 30.470511765653978
5.960964205526431 2.4460322887950614 7.167119584662268 22.535406230793726
6.633779391317658 0.8702469990270181 45.52435857165975 12.651875361508294
1.0416330627124608 8.233442009809153 15.597240311850433 22.030857217450745
6.987505173223269 10.928618672653148 3.658988820096967 22.883862396283853
2.861060526313742 0.5566665737779509 52.269377645587305 2.972087446978602
5.136930877780061 24.648623973803033 0.682055011830791 29.11152997449159
10.69369292983458 3.4505366046454693 0.9730546748798976 45.519551981220275
15.232390988010975 1.1712662749375302 43.33033624222774 7.94324653480819
3.687590683171008 2.1167403017784507 35.09916699646913 10.609122281816347
24.332583170023348 24.2973545648188 5.003100093478219 8.562415588838636
6.920646783710521 16.450772892335095 29.3675544242459 1.637829238232571
1.065356530495318 0.05786138210381363 51.68711221074848 10.835560570953271
12.101519668881652 1.2466197851258898 19.58002030212725 17.510283842924323
3.8953756541573195 3.2411665293922747 4.810554840635057 16.639823489423033
24.834892136019786 3.6477882900533096 13.799144775688434 15.74296137423495
1.2018725120975147 9.828862888902247 28.948271923335092 17.20806345680232
2.158783866453729 0.8671840179438219 20.479349747505218 24.164282758594315
0.5558356977971434 5.638746404046434 9.89257362502478 33.84229833766984
0.6845874404986639 2.394557401691617 43.44679307580863 10.171536258966386
13.33967336739943 7.212870147734166 4.9862277700806725 18.80290300761284
0.7423259829971564 0.86622134160175 12.316760122792102 28.035860616038455
1.0354934767112831 0.9862978629789642 8.297555943997498 32.2640278992717
47.31915356417652 4.313429980891559 5.752861432592138 15.246376212114225
18.479178959256732 26.116195886161748 3.3918946069971123 12.27718131189715
13.558186851679931 0.6425470954189159 12.84214182953876 19.084335552328543
20.663692489255848 6.588524401382188 20.424094391412336 8.023993181222966
11.392720365611888 3.073314333688763 13.324373313420628 13.872827775606142
8.521405708890136 9.592089546834377 26.896330170387326 3.079556644705379
10.246802863491094 23.653225739857625 5.945048636513847 16.451927032080615
0.7200820969967481 8.64765603962506 1.6255679991751588 49.02919850865724
13.739122956738248 15.917365104009233 3.0956514766697376 15.33072341907568
19.076246024005886 1.8838699821256195 7.498595070381283 28.00740429762278
14.34920368114539 18.309114488729527 1.1207493430985076 16.667706826422364
0.5014265438526487 0.09738222028131924 52.24859044750092 4.655873809384031
13.68627874817669 2.598732341022956 6.524708071407029 30.847546324937678
6.644122622832765 8.232410422753107 3.2745948110583702 24.617015846935715
18.79104930874503 7.094098586337374 29.97056078780599 0.5913698530806921
10.259844258147265 40.08573115996543 5.211254444650858 13.924949426942044
1.9292639845146238 0.864096243007097 13.544797640469083 33.522838109728816
8.137331437539148 9.165480127946335 3.585931846690899 19.429367181290797
7.847920302206263 1.1777823689060896 10.64159370653774 27.888645354175793
23.617919944691337 1.9480004124485237 17.609666030224332 14.019336548221757
2.1423078009329184 5.062897600446031 14.847029890968019 19.161023747619108
12.426677801996794 12.179573948507779 3.759982217849154 15.148353408028358
31.964579267991013 5.898137444510481 23.935159989643108 2.00878180985556
37.98634209079147 6.11566787619752 8.42856255014742 17.43195684610855
7.1122561239097735 13.039934622997189 7.79435054880167 11.834109090829852
3.8164596242495175 2.062380401332937 9.30285367755285 25.050870145942895
13.192761183912637 7.597705760303452 29.561690618053312 2.165359341845925
4.181729455587981 3.402200423892932 0.3867765897624364 40.2861307940137
7.791311474016441 23.629102540939463 9.8955657229482 14.63507078446189
14.680118070658658 4.434194425595778 2.9354749052377835 37.614544498518164
11.456846410012163 47.33495848839192 7.382512179944973 4.214272855616822
2.0137798140326826 6.665303057288697 42.21378872998096 8.094551995862089
0.14981523532679084 20.752511643994577 18.82111788432477 13.330999635421092
32.36507443876673 1.596834860043411 5.475019753587044 25.13517598519875
8.175506880104262 5.487684988838512 4.217333356756272 22.4851227398621
15.746594162984605 13.23767731840648 9.497125297456092 8.989975305620874
5.974575191048548 7.627138798907789 7.9182342961337335 7.807570861841151
19.080217928828034 2.209207392233246 35.81195307082468 7.8919136229687465
1.1558533839125058 4.826612278156538 11.977018494521607 31.632942176117112
2.153452993532104 7.169753526640817 12.873941014068029 18.18907097450984
7.958792211917724 3.0650710780514867 33.35809153621896 12.546144168229548
2.226901035429502 4.017577640587134 27.650191319257445 13.787648748094057
3.7192226321727655 13.448720522877741 33.71309375610113 8.665483330689286
11.479270654416649 9.33981167798911 1.0863760752044969 26.764547061359387
12.776704549503462 36.11255926404163 12.997723233746601 5.750447049641346
10.34728264094811 14.61399410494951 18.798214728992846 2.8908985677933705
7.587005018557018 20.0595491858668 15.348004166694974 9.134214352398928
8.705826793337435 5.192970128527722 37.47037111955889 1.5174026610071392
4.341237638015936 18.641700019636755 2.9200297618635247 33.19347162494725
2.3237207401304727 1.3890727896252644 1.2191399831060963 34.66532271136533
9.552492011947919 10.49250528384882 12.209972278742605 6.434358327603134
2.5605385547869957 3.1768817526807314 21.959880400549093 13.405950835382797
25.80739562819761 3.0334484208670913 30.91986159478924 2.9127632238428216
0.5736564630994785 0.14531468107820653 2.2377842287211287 46.90636339324031
1.9476730342090809 26.742512819847573 12.689126864658823 16.567050098506456
11.983407287760166 23.57708179020359 12.856529306523436 8.275090756526838
3.78567975305244 9.863085930124772 5.452278087534456 25.473189278914166
18.53845205017634 0.6786146017533667 1.4415565907885335 46.43526909167948
26.314752736876827 6.5035656305986596 2.469409824477171 26.025159284197557
1.6517314255017905 29.550540033032636 5.676876386084738 23.866123219831252
3.746589522844474 1.6246189159934197 3.917111885703037 29.16796180399539
4.459124149688607 1.2759168821224012 26.269210114916234 20.937639157197527
