0.05932154853170035 0.26395987885565436 0.6872756099748977 0.13022431481079771
0.027170451811831885 0.024652473343362118 0.09418878135441608 0.743157113653207
0.059571893567193654 0.22009348627240832 0.2199488034381978 0.6798033323420688
0.24208558909301833 0.04008284181732107 0.14604925933154803 0.6935110288914229
0.31529366588928953 0.04187724523727897 0.6618440346224687 0.15263903306848586
0.1321242934012102 0.20862036367696077 0.16880687469005964 0.6877680960977312
0.6413379439251563 0.030939860044210017 0.1637095285752862 0.3513225825305787
0.14026518535488522 0.6984183861882057 0.08797664225441357 0.21747998995139983
0.13524211190449842 0.32775158659597076 0.1312362634676059 0.6477387681793457
0.4318679280290219 0.599526244805818 0.12548565815044962 0.028490772672962943
0.022763912619563592 0.34549453079842746 0.015365235823216479 0.6651159620688111
0.713232306919404 0.16184268082512565 0.07953986683343123 0.1458767720162523
0.28421647816627743 0.6867531620517602 0.09017846290888885 0.04425983255794098
0.10366391007276735 0.006424672870938179 0.7282560107084899 0.14613589632216556
0.12395575420611306 0.7365891463132158 0.015261647702915777 0.06586715905634455
0.10290132506507328 0.7165153687319876 0.06646746607809516 0.1846594693587992
0.09840038507481683 0.009980631194311989 0.1352341243083147 0.7310468403875733
0.23753264302987687 0.047937653598009805 0.12727820642841228 0.698269634905546
0.6627895049492826 0.06450508683758578 0.11048726161083429 0.3268665338068423
0.20017481650460883 0.18308737054698346 0.1168041903218162 0.6893952702962233
0.6723068274329205 0.010125197534689566 0.22186277262596454 0.24734170753167464
0.6485018216177624 0.05470454182470935 0.35145139359903255 0.12423654212626169
0.1397656558644708 0.2251756147695083 0.10679662950522306 0.6934378010177065
0.11803089152180021 0.1677746562245488 0.36275215468496413 0.623563346939763
0.7335480993580474 0.07388162421553054 0.08399696115730172 0.10905595833245436
0.3441974343515883 0.13297128302371725 0.6182833933242613 0.20993429833223395
0.7208912368307272 0.19149009739734896 0.054968479445044655 0.05590915423182359
0.5883432661200209 0.4639482382820867 0.030643931524880343 0.01285234869091564
0.37521866123701414 0.5879925456819131 0.27198928582509496 0.044693969149772195
0.14904579669958434 0.07929159008453755 0.7029541760857518 0.199633715969156
0.5750567437966317 0.47700596349397273 0.01944739114292527 0.062424764180058476
0.7235890349314346 0.10907459680862412 0.16437953942103828 0.001003931152340051
0.5222384703449718 0.07611555708731162 0.5296100228556023 0.059047656616673466
0.09179345587844519 0.08891875776847456 0.723269250412879 0.15181899545839206
0.6293250390211924 0.1104348460232769 0.38884427742173666 0.05526543188248174
0.0688426079764185 0.616436300953064 0.04118863305092653 0.41960752936727064
0.7074160291639741 0.1933671479000631 0.14155237969203094 0.06807812863463275
0.0045588416248114536 0.7224770544381018 0.0932833383055116 0.17833771773818213
0.12113079359188658 0.3636551482299955 0.5424928646703049 0.34825817404825693
0.7428930086839024 0.004216283526929154 0.06644456185870785 0.07859593374471896
0.5475956992526714 0.4737440413830887 0.1692877368669565 0.09770975161395255
0.3181636651319426 0.1376291550920359 0.03834476384889405 0.6639727230420192
0.31428387975344274 0.005511942011002079 0.6807918162701362 0.014756839837856271
0.16638473168892132 0.34561554298177244 0.6340095319744126 0.11574943142757421
0.10790322615678766 0.27124797215655144 0.20991495043739697 0.6581923312898601
0.7305851445053191 0.12453911585933622 0.08918588486764072 0.07267209360884568
0.09024452865652961 0.017714924848374256 0.7384663202623915 0.09332523947625518
0.15995031371654483 0.663966133198213 0.3078735512493516 0.035759579820023736
0.21699696360656107 0.11193924613046129 0.664213184046305 0.24840042089405998
0.4052122370046176 0.5952162341702439 0.1735305428156161 0.11793145582084802
0.2954368353747342 0.1073627156214175 0.6725001853068739 0.10692906228138833
0.04974797468820623 0.556645477756375 0.12426338396692618 0.4844889704759922
0.008091071890190071 0.03845861970882903 0.1982631322813186 0.722251479405726
0.26213645496318183 0.057487127296780384 0.5271995028119159 0.4610210335867207
0.4701098481428512 0.08518946825224215 0.049413052919903125 0.5760189540103177
0.7026102692198647 0.10694664118706497 0.16094503974216745 0.1774765328374052
0.6384659087783733 0.054973282241970955 0.3481961606224946 0.1749247132200149
0.09253335025754382 0.1269992710758265 0.25244814908984997 0.688533729208259
0.07250641725667853 0.3090064582412559 0.11562280318006629 0.6696186941884008
0.09640530838589377 0.4720488752605901 0.5736928349031504 0.03538936367072861
0.29802597118677365 0.10310221426992074 0.6739048235466307 0.09435434654219349
0.6054087377428414 0.1798824620495059 0.20598314915179944 0.3481285716184971
0.041368746011836585 0.19476242174597164 0.7007506412771425 0.1783389039966488
0.37114232103778544 0.18527943375617614 0.5851614716339122 0.21911403669530236
0.74179780095032 0.043485085975421216 0.04359604665073668 0.09189371316584466
0.2412211134323376 0.6257796773796442 0.32608257425625997 0.07988945224184832
0.7018112305639128 0.035572595328604455 0.1261563330107087 0.22973934525292977
0.6780308583689331 0.09001494338708024 0.3061166434455635 0.031049406952956816
0.2642617675357301 0.6531523787548645 0.02968382184565799 0.2552970016791987
0.09573545727737198 0.6675619183433186 0.2213217014603534 0.2423066484031651
0.08656540459737196 0.06353433001393409 0.18090776909431835 0.719890407435667
0.14988026529869666 0.4328615338265004 0.22524037557967322 0.5494848240088979
0.49381394218004915 0.23850853851600531 0.469867523166545 0.20244994007629283
0.1982295407813779 0.6998180235733193 0.1766337677834325 0.04754256116539743
0.11053619624410324 0.684062673571992 0.2799220505668513 0.06311619088532278
0.6032656374742094 0.024969183262808642 0.44370923795277767 0.03269897070840879
0.5354975866230991 0.10144146060585928 0.11969190703492896 0.501124547574082
0.13734292429451603 0.7367159385627995 0.027266278576669554 0.011962318602336545
0.20462921275786178 0.2208095558726719 0.6864980256130118 0.024299920799206738
0.18770766083438123 0.13449091063935154 0.6917528811284996 0.1750884932538478
0.6820001362225128 0.13420982475420024 0.13507759802879052 0.2472196991396385
0.17660557416796982 0.014789155439433543 0.030792011092156336 0.7281096099538108
0.6606263859408723 0.18468867151083204 0.29384284247228976 0.07496170183547575
0.09322734740641386 0.04976952607302212 0.18407633587679847 0.7193382782392459
0.16073434865221908 0.13704888198868853 0.6824993834200112 0.22820312167080892
0.304213536124145 0.64427315457048 0.2342348697701285 5.025160861576765E-4
0.17463371683291282 0.2513942580003573 0.6846096838270277 0.01065705399391138
0.08894302924590414 0.21944595855043897 0.6067330342810776 0.37189734327703655
0.7330040347721027 0.009541762903841103 0.016557210592048774 0.15760678458085287
0.15794358920815477 0.2551970515621811 0.6805522916900619 0.0963164875679128
0.7212693372357497 0.036036625677546855 0.10772073807303285 0.17137137264514082
0.202027807390475 0.7010937907002215 0.1120998585872383 0.13261177695556461
0.08124464728978485 0.1851138658210047 0.6728889779981193 0.2623977653414909
0.23715456583615058 0.7024429237270807 0.1131823145837093 0.004627577583544646
0.003096856396689428 0.10319779963628803 0.03471365907273886 0.7420482366426515
0.5929801603308915 0.03644033958966883 0.33976140185438014 0.30677161034633943
0.2506454401631056 0.6896293685686163 0.06433567786367608 0.14124134623726822
0.7169456476230545 0.033011295072508336 0.20846650631330613 0.06277665567326088
0.09501909886904676 0.632125537907963 0.25754163314079836 0.2959070502266772
0.7036452332364788 0.11289603995252248 0.09575923564786086 0.21323235846080513
0.08712774321202674 0.5745184845288742 0.46445789325229375 0.09547844098573137
0.20226356590270828 0.6909734862137953 0.1813684934094895 0.10606866104673322
0.6353510320981937 0.1518001093394797 0.35419486230768077 0.1016454245459437
0.6539860249995516 0.19320086258179317 0.2979232858047756 0.09336713328694925
0.15971881172438657 0.03990421238029124 0.13308671864063185 0.7195036346934796
0.110774602445422 0.00930385415461253 0.2619627517733988 0.6939149389040685
0.7285335765013115 0.015555052367584397 0.147667147139961 0.09844430868056653
0.22627544990739817 0.6951596312771852 0.14683311023923803 0.0805763336795871
0.06515870545799081 0.06615779691880865 0.7358638483338721 0.11127392203545551
0.7194528543616743 0.08276245155783006 0.09021541240541284 0.17291369618251337
0.7366955709918871 0.06696498741695972 0.11715425193784625 0.0396258425029367
0.4127835358288249 0.6204999953511879 0.019454141898563194 0.08192096606375864
0.17072461834788388 0.2809046757017163 0.6714023546042808 0.06053549446986108
0.11348768650815991 0.09435982830562897 0.7219239898721808 0.13979456591795464
0.07548585874115674 0.3301666155914582 0.16072319172937125 0.6495844415619235
0.6617382816648433 0.23118218151895834 0.07504984035193622 0.2559780595882094
0.08165713802086166 0.7148006201724943 0.11136829760971129 0.18024785019182407
0.13465758889443497 0.16055579673886217 0.7085155743488017 0.12882100291440907
0.21325247087708452 0.2532063692409436 0.03684030401358312 0.6719767185258907
0.1942451010046168 0.07085629652970957 0.714797120194014 0.09387919332921696
0.6079292010495252 0.2618904175696202 0.22962105955833104 0.26759982194277565
0.006844991996459248 0.08796600742638559 0.7257256465319667 0.16744376246306852
0.14248681518230694 0.7188784703743805 0.14697182770346315 0.06172952448300234
0.03320304717261429 0.4147351483250857 0.6086843010442531 0.1374617621904044
0.07563307472195795 0.11238433644454755 0.7361596204830471 0.04710002229593489
0.22880152169058007 0.09048571955716246 0.5938961787648468 0.3863282633678396
0.04405905753097942 0.024813328233376997 0.7268017082987577 0.17805160770257666
0.10341547274972002 0.24916611722144 0.6997718347266005 0.006392601044253462
0.10740254839184342 0.29004215647234066 0.6830668101010079 0.016123678434079233
0.06785718372544283 0.6989429430954298 0.12529000853137684 0.23168206377740547
0.4440139041766875 0.15024016449744856 0.18731229286709103 0.5547014068942211
0.30969643792423207 0.11384231866506814 0.4043976216807315 0.5386006000711208
0.08067947378577979 0.7052380198823669 0.17945318305022348 0.16256295062279996
0.6934057477904031 0.12351418281278642 0.07033996415991445 0.24796170070658768
0.02089461089031329 0.08846676771653056 0.7440186818706673 0.025947008940656543
0.7475952901950983 0.04360832055592455 0.04116215410489832 0.002296415868950555
0.4848766908151318 0.29861902222813114 0.48538530825442944 0.051209147605038086
0.19073334522570662 0.12857047732215768 0.6894655782188546 0.18500713454216933
0.3375045436456874 0.0489532932390747 0.03708512802647624 0.6669474877221034
0.290281222808663 0.03401223469482459 0.6624231938896097 0.19564123229232694
0.25581963391620766 0.26697009505191077 0.6514738908649346 0.03694662057962429
0.663372495087408 0.029703478541915816 0.22992889101679928 0.26208269916154625
0.27108936948124573 0.08288884717027956 0.1585746559826044 0.6760133661763215
0.2340574306335576 0.31431389793009673 0.2092055468275258 0.6042821624951392
0.12580254690933976 0.3080391050314525 0.09583763667417014 0.6652824786203638
0.03904821023052593 0.14817374160505514 0.7287037914603353 0.08950175354641611
0.708712832071364 0.027377230619099826 0.060877966314158385 0.2361577483769426
0.152963137443973 0.6721783327081146 0.02243469029945374 0.2945763946622388
0.21026732011580257 0.32224771651718837 0.05972908948538177 0.640996489194772
0.12478339443363333 0.7223792387795167 0.051233977306484546 0.14990803655343105
0.08657117153290327 0.017120951259588176 0.7436391858070422 0.04138920897561098
0.1710225783386145 0.15653860118484464 0.6915125956845687 0.17480639017809055
0.7474267131165042 0.02787977282094534 0.044330200027342 0.03332956874679246
0.17233567478313747 0.04290262509911892 0.10173769092798772 0.7215325510337606
0.2491709695558318 0.669451577707298 0.13164286725278487 0.1868651078646893
0.7493423646654634 0.027018724037557777 0.01094401780366264 0.011672083929918309
0.5836815895077512 0.00566673530773274 0.04016836659795795 0.46922296672851505
0.35497015010162614 0.6152501775442033 0.13210731382915764 0.20127361774832744
0.01367161424251908 0.6207567216739004 0.32546489864778144 0.26654601705683945
0.018483441538215406 0.08376133168155254 0.10585914162037569 0.7375203345259259
0.08445499814733248 0.17424890862016285 0.7224655599176131 0.055210378241288945
0.06851084736437665 0.13781247712911374 0.07183675635629143 0.7305158898868385
0.7201473568638035 0.028191260670129597 0.06572044650351314 0.19691079232811307
0.21078797453966552 0.08448315755383434 0.24022758444650896 0.6732174489347367
0.6180024287911459 0.3564738126710932 0.1766286161262922 0.1493377074060332
0.17064271626206612 0.11720393517997166 0.6847293479295787 0.22536641508655822
0.09910576454128277 0.7303585019704175 0.11928220865472167 0.07089612635868575
0.5585243738767327 0.5002456191825401 0.016723418041983917 0.005017126993983226
0.07509894827047944 0.4307211951904651 0.15619526364547892 0.5890181997163453
0.1807498062249297 0.16141999152500144 0.03508199817518871 0.7089022127837907
0.24824470281939615 0.16756648883897535 0.6703061396273753 0.15325050903058318
0.6796116375203587 0.09958408824962915 0.29320288119620674 0.06887018202843552
0.1289110161120413 0.2950512992656094 0.03451564564649249 0.6764875098124447
0.3338290572846487 0.321268877761777 0.3552880701358182 0.4707598707550349
0.38197780692674327 0.4743742319230629 0.43719382953736385 0.02058150911119946
0.25948509333716896 0.05470619451222544 0.6839029701400423 0.15636958160530984
0.022792391764308143 0.6948562782478255 0.12007102328960052 0.2544370429466415
0.667599463805695 0.31873911518281356 0.09470339454077151 0.07904175757965318
0.19923329176305488 0.11733888074877055 0.7115441357270822 0.05237008144239496
0.10065529876355289 0.04855070354699902 0.12405429162269242 0.731178413758163
0.74088795455476 0.009746629647653979 0.04323288391047104 0.10780055544828689
0.13898052856263227 0.6595402465851243 0.3284428258397068 0.01778724175674311
0.6865303355058242 0.09782260688774863 0.11808515010945947 0.26012061305396733
0.1728203679715592 0.3149925140523672 0.6581334831427844 0.01652739760187176
0.2006975049503236 0.30954774623956477 0.2742763667805947 0.5925986659876628
0.05711688571423877 0.07704410861226794 0.1767502065734984 0.7225380482512138
0.6067180283938188 0.13224095405781963 0.08960313308543422 0.41094627706437353
0.7050132694222995 0.07518817597917546 0.20374426048423291 0.13524534909244695
0.0785963946052011 0.7063009548025697 0.20116348397674805 0.1303641849373453
0.2302313579740088 0.0435282593276791 0.24827075824800834 0.6678026976916949
0.2990506158644267 0.036751975724732634 0.681891038071058 0.08211354108678193
0.708268670207947 0.051063347414120164 0.01243933858262327 0.2410254928599006
0.09538230602866857 0.08126431770561811 0.7380088095413666 0.04627443574835215
0.05444247177333226 0.3227090755748675 0.11843650810443017 0.6643550732528904
0.1132837816813429 0.06266847882083985 0.7385695083296004 0.015953931679310862
0.05737079452252089 0.73128160984915 0.00797383331380383 0.15611603701917892
0.2323945235562315 0.6777489473213909 0.2207919731384488 0.020001360539952995
0.32958273712895486 0.03323703988311575 0.059542282947378594 0.6702426688206361
0.2195335456422826 0.6477315308412583 0.14907144419322194 0.2693076137392237
0.0051417523362438135 0.6356631261078319 0.38239529587168924 0.11036208671883044
0.2966654666760401 0.1543952271859598 0.6698829316076084 0.04368721374589605
0.6561702190042737 0.3307008014663295 0.1456742276257576 0.03683263508153614
0.10056044374050513 0.38726587917874694 0.1412969709156161 0.6184237236625844
0.6852600016842606 0.1631694978985599 0.2544484293258035 0.03937565060860017
0.7195225771841534 0.00725284986558211 0.047587318179808616 0.20608276065589534
0.7069553591891292 0.1560231546894232 0.007540452012309485 0.19573971722156858
0.12217927807939073 0.16179120228414967 0.6793076208595077 0.24482031597407022
0.425127052163463 0.15277323879513008 0.587419858720504 0.11560811653008432
0.09299431685461618 0.6014623795481168 0.14000742446664655 0.4153227469273464
0.005731157989186977 0.30110320387311096 0.5872696772068159 0.3562560044109474
0.1855249511912881 0.6651655584650602 0.23665003011540114 0.17213958162989293
0.4790259220338251 0.1421953317262173 0.2034770219322805 0.5209719332176016
0.6392792526818464 0.2355679347386425 0.09856099488065156 0.297683582855432
0.33000903944825183 0.6226444907171609 0.16775357313862643 0.1943363341252299
0.2512603622289816 0.6759091791140104 0.1937211406176455 0.07061962644891258
0.15219077952868465 0.16687694685049448 0.10544997584439697 0.7073686124155669
0.16406334479047752 0.08890630335097788 0.011533405912523786 0.7263235289240475
0.6434866276722203 0.1057250020871042 0.051494688543179006 0.3668725677841777
0.6706309297910644 0.09033760788438859 0.1355819399585464 0.2936167743273124
0.2942830189345187 0.009253862392604706 0.6648710164143661 0.18373459753060123
0.2691065937899279 0.4941001493352237 0.4949399030830684 0.03132372809573042
0.10964140646538217 0.29632856977863187 0.6479414582082581 0.20697827773995875
0.44748126000520483 0.5810114947624736 0.09185621536059366 0.12746999881406892
0.5919159505696889 0.4482450245680077 0.08477992419700944 0.06343713316628645
0.04888479003824342 0.03342052711552414 0.12700898832956556 0.7367917362143374
0.05608874124426684 0.056547405412106004 0.7389040161927636 0.1008825995947611
0.22463524952913438 0.7140838993497761 0.04599343016471738 0.0027917270793309493
0.4229623562031156 0.22898856519722235 0.199613868142463 0.5397419623201716
0.3418059635340619 0.666950230895265 0.017615478359720663 0.023146656852828604
0.19759738130734458 0.024995765236664576 0.4093406434680571 0.5960459078174015
0.7098828111461152 0.05830911348631835 0.17126034975675844 0.16073684806204647
0.37205621874065714 0.16125149594308674 0.06932797729215974 0.6271090469105822
0.7220462701001218 0.1589505337033599 0.010942129152967418 0.12555549163425242
0.18232525168366792 0.15579983058229432 0.2111749822603191 0.6785197434536223
0.18486376367357127 0.6705170535709866 0.06851881850686384 0.2720982198790508
0.6916949479613617 0.111450739404945 0.2616236914043516 0.05647898500133336
0.5847568216841588 0.3171991443949766 0.12165559626601599 0.32425927617586486
0.24698096113266818 0.022235206012605698 0.6757757930986479 0.2105542160904262
0.07012746250955267 0.0383975473447101 0.7192031455222541 0.19711570924403118
0.6021500083861208 0.41361822442027035 0.1432951866206314 0.09111433103182
0.10131719570475176 0.704201216967626 0.23458930443052373 0.036101663710177534
0.6296755200006809 0.20836523240635305 0.34870669753619515 0.03156435536359092
0.5105787528706822 0.06521119206150622 0.5354370309018074 0.10423062643001314
0.13789866409677212 0.22994557215085137 0.6896201846383779 0.12260910744260738
0.6476952356776936 0.19624933568500585 0.22981010743487199 0.22729803000550503
0.3349655515283169 0.6584886956140524 0.1289963345459526 0.0071177743391425494
0.011215911560593296 0.6755797793323556 0.30573187010080416 0.11177740688428812
0.546459145730394 0.004808832202775454 0.5004939902865466 0.1156072786095399
0.17693311915781768 0.014974299956056144 0.7252127003000353 0.07097169160617947
0.497483699577354 0.5527600003457105 0.07044528478872741 0.06711045018232502
0.10171081480960556 0.7276778210807612 0.10069217373701221 0.11180780386912713
0.6709026990902929 0.30341885010587577 0.10729985504495504 0.093879235516272
0.6210788094659445 0.40403092848902594 0.04249134534632526 0.10823403728642782
0.13213669370863054 0.15935211615026823 0.720475603986385 0.023700238704213786
0.10450098008238087 0.11987887026776324 0.2138687833471815 0.701048318687623
0.008881176672838345 0.6054726160777475 0.08945400580875228 0.4333843752670859
0.10440547320595803 0.10427622866505641 0.17611700615954035 0.7139389087600095
0.6754063641594307 0.06253765938047469 0.010184790778003673 0.31986177397269366
0.43744981414681106 0.5609340466415228 0.23059190883010358 0.057602317691005746
0.2884675694439169 0.16449837892376412 0.07729666072796497 0.6680209360123968
0.09060479422328976 0.29977922024685294 0.6811510308289698 0.021365008134240894
0.11268953507122473 0.6050899578104713 0.36797624401991536 0.21968317067847726
0.712140107224428 0.1253876878389344 0.16496858571731965 0.11144398210407525
0.38493908874668153 0.09274509006974418 0.1153849501965477 0.6264236262234764
0.22631111409119692 0.6773977281008035 0.14987582719308473 0.1730688707591857
0.12038320008320874 0.0012168323368853657 0.1917089015405338 0.715020350428512
0.018502214049086422 0.7322159409085711 0.0837271616608762 0.13786677030695682
0.024093596137340637 0.2921492540090548 0.6747674826718407 0.14579834133429198
0.28991234743398037 0.08604348901594897 0.35584493393529076 0.586874545193323
0.1235783690976417 0.7063836002975212 0.19896468462305678 0.09307873116199263
0.03258601407452172 0.024441056838663603 0.1670230299528368 0.7300302006716695
0.5529579616230188 0.476307765657091 0.09818392026972152 0.14222630858225424
0.20464719272536247 0.7105668432213371 0.042604510054669836 0.11789462900019491
0.001541345424066784 0.15361354045102088 0.7328058141996663 0.04354472550780813
0.09558422318553939 0.6464396760356721 0.36116203686668463 0.07100270875973608
0.10362018804806164 0.6505206199985527 0.32128639388129027 0.15925084832533623
0.082845008218384 0.47512790389362763 0.5736191077825383 0.029177024209269153
0.22555844871205669 0.684432357072188 0.10117373241008641 0.18149272899329005
0.11840014255825661 0.031940380358441094 0.04892602088549966 0.7382868431883737
0.27237519032812213 0.6821934393486561 0.14486524119360522 0.04402191383038116
0.24026312453677298 0.180991320377972 0.015096195738235679 0.6868681662516456
0.07426004907023202 0.3237461883912405 0.06940618694201985 0.6688472410262298
0.32922234611799006 0.6467712492622865 0.08874668146020459 0.16710363393435998
0.7106309688097424 0.14128761834204542 0.017533777863885856 0.1929611404028783
0.6811180685511533 0.11548497668674325 0.28085735050640176 0.0797530282768812
0.06037058543637134 0.4752254815228727 0.5682881733697701 0.10032290931523904
0.6844457584699385 0.19278978164947122 0.02832298822026852 0.23677819186389285
0.07059351955186303 0.7334647552893161 0.10490922408553824 0.09241245829126381
0.04570385123238482 0.4120904684034188 0.07159455644246679 0.6208597452898564
0.629128590048181 0.05005267335574172 0.4045355276786119 0.02330137162740222
0.3651361251832487 0.649343884930292 0.08387166670323697 0.022218746909305098
0.6969483719236949 0.10782075955704853 0.04334915840840448 0.2515124274200684
0.06671298642086862 0.20110244345258746 0.7144283728614571 0.08484859887316108
0.6224844629118349 0.2063784795166337 0.3280011815749505 0.1575951823857675
0.09565473289671636 0.37966475221791646 0.17616998931015698 0.6149544559267986
0.7030189656316872 0.1552061272107912 0.07401022706652391 0.19671776312255568
0.6764942893285777 0.2762450551257267 0.09264870219030313 0.1412811523412071
0.5915419729994729 0.03202576144607995 0.21710404557894072 0.4054852379272849
0.06583172918609911 0.6087583092360328 0.3290753462454145 0.2815828845329831
0.0511197787784437 0.04648087447117511 0.7467526984146381 0.009311494858220852
