0.6881375424670154 0.1303876329419377 0.26826439909770955
0.7392820567455812 0.12562049629469776 0.013473362041341311
0.14567583295892317 0.7216186511439182 0.14333552948573458
0.05632181222680051 0.46203335711148563 0.5880927056032743
0.3220334864172629 0.04277242692863682 0.6759918291818157
0.7368827196145598 0.13369113711106875 0.04037991321683923
0.7366578762028697 0.10984741840873322 0.0881403318419785
0.08670909835788256 0.09804593081877191 0.7384907092928412
0.7352410527327978 0.13552431927691672 0.05961336478421164
0.7379927250634554 0.10839835962442934 0.07820826928239825
0.6974173146699216 0.22229571782948548 0.16338207684219597
0.17686357669489006 0.10023941582821333 0.7219219727595977
0.7058175488861292 0.2508315193742169 0.03748515136421872
0.04949916716792871 0.6435358010056124 0.38198364529616485
0.3061409200827531 0.6816651045512302 0.06411257511632018
0.7109625676011592 0.0895567767158859 0.2213861134177751
0.7440161532983308 0.08524580947640065 0.040903735744647715
0.16915895594351946 0.03840653529986923 0.7296644336065438
0.03198831088412897 0.07957559733635929 0.7450801784206462
0.6292002633713965 0.2691839280958888 0.30683389875995254
0.6961990430917605 0.17569639017317815 0.21665103479612385
0.5548214490258442 0.08346207283011858 0.4977019611170551
0.6478572194609935 0.05350796316341902 0.37405604001322096
0.13640592635444498 0.7021457501305316 0.2255765254387498
0.23509176085232625 0.7107123150719228 0.046042037144989376
0.06902846018855191 0.7422303458670889 0.08263888526607222
0.004504530518018268 0.749316600955346 0.03169133537008078
0.09574652165542144 0.3218736456779259 0.6706190869703075
0.025052852816799216 0.09434058997340733 0.7436210107636881
0.12499910278254965 0.7241186990684255 0.15009108555476797
0.1847250513299587 0.7210344305353674 0.09211951689887676
0.2494625747033924 0.41189990566270945 0.574984253295171
0.06342794184456668 0.23344575917616323 0.7099154694159208
0.513191269557791 0.08471175489052168 0.5403319715073603
0.5528033721601313 0.10669696970066703 0.49550397413651714
0.7007424253324597 0.2225864155874593 0.1480383090119207
0.13367412883038415 0.07217346805482787 0.7344536866204544
0.0837146864615949 0.7267258835039763 0.16541264013370305
0.0587249915991718 0.2754227721354708 0.6951213361355626
0.3475887856149521 0.597497833486394 0.29099548981691825
0.7089315314748776 0.22804983740969215 0.0889345564901376
0.5651681792735102 0.4187639284054527 0.260233935917471
0.4725719063990479 0.1480879735463303 0.5632457237949623
0.1789902391751146 0.7207403231209113 0.10486124597581166
0.2763642998030323 0.0747271674463672 0.6932089326024458
0.2415814207967809 0.6947673974767494 0.1464127061739967
0.05685508870478961 0.05782804900830582 0.7456027197081992
0.739990216155812 0.003930599659040043 0.1220615843744258
0.1256426666718255 0.05205910955716511 0.7375661119002876
0.15489236656374664 0.0822528454308963 0.7292069830979425
0.3710719760742192 0.013238373144941303 0.6516366579995706
0.7122554815857647 0.0919596609518589 0.21618406441884114
0.7282448616624045 0.05909374210637444 0.1693143558773756
0.5325748512749597 0.5115932053715088 0.13090614961551547
0.7267265264375969 0.10585751263105707 0.1521931101972436
0.19810358787997226 0.04368799528886698 0.7220431618239467
0.013451099454066546 0.29116683590218057 0.6910433717171371
0.03978346718439449 0.6342244084117468 0.39834240988571384
0.13223251884611803 0.3849946569955134 0.6299156094625041
0.6976461774478606 0.2735960219957529 0.030578224940105737
0.6326880876323454 0.30329121996366254 0.26499098033910296
4.5536493788737024E-4 0.08577229820006212 0.7450791270088386
0.07029503108768165 0.15669107494065856 0.7300729522714308
0.7172045751699818 0.02395280930656155 0.21804554634655934
0.039806477601593504 0.2233767325161097 0.7148554257410237
0.023564053519752815 0.749611125862182 0.00528160632289151
0.22485227856215612 0.08119836495634465 0.7108785257368679
3.1738246564571806E-4 0.7462811965214265 0.07459406804108759
0.1875317283032082 0.2492963301745262 0.6820433935176891
0.7072556284330808 0.1642814251986696 0.18788584136230696
0.09734583974434707 0.12055270353248468 0.7338193464031026
0.16694600953550312 0.7304946094172845 0.03172783497909556
0.06498984064010341 0.7443169250177267 0.06533479735737868
0.1748424093066593 0.02217579985366463 0.728998193282187
0.7327724851643079 0.009507468627617494 0.1595433891655148
0.13377338353910276 0.7294034660525395 0.11213949155869227
0.7255649201428496 0.027719972624396325 0.18784874174665916
0.7244627982537363 0.19196980264212654 0.028306338864452628
0.25418419337906023 0.6998887862596974 0.08969995933200928
0.48786577984404017 0.11727669964015104 0.5574344415074121
0.047645451451342274 0.5660509682954074 0.4897103350429002
0.20972491651094144 0.7110274572024919 0.11382185422245245
0.5431351053030222 0.5119857088595579 0.07331365023684974
0.011236636770641389 0.7490974950003589 0.03502400574280351
0.2508934216662687 0.2617064797245775 0.6565532799664938
0.05005998596995345 0.7018449089329049 0.25962997055357556
0.16640919887380515 0.23740056164053025 0.6917000447180405
0.23262703686180802 0.5759115775263483 0.42036950007345697
0.09132452228946279 0.741784381309301 0.06257605991254886
0.03477331100262647 0.28500497101555355 0.6928657758457536
0.05010213149807549 0.7450358594368657 0.07008098581299044
0.6796010792990742 0.3151232980948392 0.03660163949011924
0.6938293128123691 0.19822478531769577 0.2044696045090056
0.13161868144439084 0.21304561955613158 0.706956919962443
0.011599986408495577 0.38287473483306567 0.6448041390545135
0.7026248800712049 0.25084333519839913 0.07678475819762884
0.04121805489422846 0.1171593622949748 0.7396450201126019
0.7373089031667466 0.06475799784056316 0.12116923300380611
0.6834359131565373 0.25534517684936453 0.17382230371174118
0.5673504226770562 0.04366457211167957 0.48857640449623607
0.11992631664454893 0.7030832630629523 0.23193017004439692
0.7252081804519768 0.19123941368727082 7.626651178041747E-4
0.2890200350439332 0.061512133559389136 0.6893356778581647
0.012969183730035007 0.04425944307236426 0.7485805915012096
0.2460614892110715 0.2914633573560308 0.6457575821049106
0.11460201225286658 0.7390014436092428 0.05694949631953801
0.7235189254067099 0.14881384637604148 0.12990305502599847
0.018303437334369205 0.17642937267706416 0.7287233086971519
0.17151204164546655 0.10328010996533571 0.7227840884082548
0.48958550174096505 0.5565059959842745 0.11448630013498615
0.4266030353677184 0.6153276300313683 0.043379233914729566
0.7178890779051975 0.02852156453011482 0.21522498038373689
0.7240842044648471 0.00855541085202015 0.1952661511621065
0.0980582401318795 0.743554519190552 0.0033553738309726093
0.24288415656830503 0.7078944530543472 0.0489155376438789
0.02571753327133214 0.06548338714237517 0.7466930657845965
0.06792303608447572 0.0746065876358576 0.7431825605128259
0.03637458196669752 0.7419086531242701 0.10367468449954104
0.2142658156190773 0.7122531638692862 0.09636177050720517
0.1154768460537339 0.08861428416744381 0.7357394964707099
0.0025301373919504105 0.7462530363681155 0.07483317523763082
0.2750198737178977 0.14515436779225496 0.68249122966601
0.7274689761461871 0.0843905372444438 0.1617625604656791
0.26291370450934515 0.6171507186292162 0.33541224556747296
0.584282834294073 0.3222201112397178 0.3424730200496803
0.5211778877129667 0.25735714740671634 0.47396298171664
0.27783702192421417 0.6824278865226387 0.13999560330427574
0.17679880687688637 0.7191243142949001 0.11875353669175165
0.6808474136381625 0.1815837740162518 0.2568543018059841
0.2756537152774174 0.5603435174765117 0.4153675139870796
0.7243449998026603 0.11220214496938591 0.15885527981516046
0.15860283651148696 0.13847561027143765 0.7198400138992438
0.13592858826272208 0.7262513209756637 0.12877281418842607
0.7054487571564712 0.0706755709260288 0.24463649503021823
0.18836872914136646 0.7177382287610514 0.10894520116377385
0.14870436368967888 0.3565524250210738 0.6428509784010905
0.03401186730135984 0.7398329388018348 0.11828108701950274
0.3288827692699783 0.11127357867374862 0.6647964461144834
0.12987644255554398 0.6999015243987108 0.23615665523858792
0.512560209550469 0.1919284539537422 0.5127821176177126
0.06519715662938293 0.13742550691641495 0.7344137531502322
0.24260136035011617 0.6293603360484553 0.3279483913137073
0.04192752327596074 0.059617854270877214 0.7464501284373124
0.03673272834454894 0.0910563242222113 0.7435451919604518
0.3658375853531758 0.6507528762869761 0.07199691067806506
0.7086848565992334 0.18924013709546636 0.15637757044734077
0.2921037055032753 0.6312653644561866 0.2804986004764618
0.6715064259239053 0.2848877258372947 0.17440786567743244
0.6994276682440154 0.10862067556304841 0.24799694702751174
0.34260180740316504 0.660236202412968 0.09597999055733936
0.25406891880679183 0.6155379686374559 0.345053609837692
0.6916660725332117 0.04393598620772178 0.28664904190043405
0.1963538694005895 0.02892131286225382 0.7232625495860683
0.26493876469147093 0.6845918280758305 0.15375786124797014
0.7332218012064944 0.14175268734460347 0.0692240266532298
0.7281909999188177 0.11583703037932852 0.1371847295807041
0.6870174404173003 0.1829459763070644 0.2388258912168365
0.02132020937066915 0.13395847878686132 0.7376317337489628
0.6928855971130231 0.016195959132393238 0.2866133985373176
0.025724528285831365 0.715883425370083 0.22214673061935508
0.08435401513201139 0.340415514853401 0.6629492268478804
0.03155695790844721 0.20034645858695183 0.7220564070342643
0.031555210275293705 0.7375592749901718 0.13232756545955937
0.12276171279454652 0.021896537025563097 0.739560750403939
0.3399908952411526 0.3899251681414566 0.5430143224657857
0.03335026961856607 0.1683053536508879 0.7301103118356969
0.3306370421737196 0.023905326521447928 0.6727612367746205
0.28076428455159164 0.6451577264606119 0.25969775607118223
0.6560041365681263 0.3164428748692507 0.17894825998033898
0.7317350348278524 0.10113624514470172 0.1297509102993596
0.7140179708793666 0.14605940348659646 0.17704515783960773
0.7431301173527851 0.09761951925950028 0.026982552562349934
0.11479379207672422 0.1945450976360413 0.7151745173637194
0.26644391468599526 0.20523447507182768 0.6703629245183489
0.7424093882172672 0.10014089437863957 0.03605692110967174
0.723917663863313 0.18322967126482842 0.06978612695132332
0.3658819309403509 0.6545513981776404 0.013888115604947284
0.06898270311376367 0.746512856868514 0.021446239789945254
0.3102074539033365 0.18525918862432703 0.657229312016031
0.050158541150328376 0.18551513740217931 0.724960864146694
0.25709129983899287 0.7043848601538492 0.015685417850327902
0.14355690468649163 0.7264220463505618 0.11917393042396332
0.4102198545155291 0.625145669255861 0.058417147926784055
0.01759140566191236 0.749166874086565 0.030651871365430586
0.701996714877142 0.03320212105031338 0.2619126408928387
0.06775126997298783 0.1437153296498396 0.732977263931621
0.7137723327746848 0.030489051002573774 0.22825309359206275
0.7296492241050334 0.17145417608876107 0.026748369382954114
0.6019390103044882 0.30030570856048217 0.33164123579500804
0.37424879635126024 0.5803324874469548 0.2926637019571492
0.2584994063921443 0.7039587868365267 0.010958253992066933
0.06269934936732502 0.24797431798038577 0.7050372537753424
0.02761462318731366 0.6936884359845239 0.2837847535854732
0.2095659115101816 0.7144344586954436 0.09036333859179405
0.26139122139486426 0.02876022159969619 0.7023869866613685
0.10581873497988283 0.7424410024939084 0.009151674333016073
0.05006597437992674 0.7466201707829025 0.05051454037698407
0.7025456584693028 0.13816901614041943 0.22324632302620834
0.740868990920341 0.03701587898387496 0.11064792359428556
0.12472979535424175 0.23360995035970938 0.7016900093658331
0.03946395086915062 0.028757646696503106 0.7484087080855463
0.10828565051397647 0.06545304725916615 0.7392496983409965
0.7256463884561765 0.12903148431746164 0.13888194618214605
0.13931932072862724 0.1457086899839435 0.7223981620511482
0.04346793915165468 0.7008623550209894 0.2634435377464035
0.7324256234096415 0.03870303546616096 0.15669965289911503
0.745413664543154 0.036722309514185744 0.07422897477596285
0.6654876555400695 0.07334818207988596 0.33800329067829776
0.7444551246170198 0.09060947129363693 0.008745921526353017
0.07406032903120252 0.21955523336745225 0.7133095871812979
0.03493932499421283 0.7468721302791367 0.058832512960549296
0.1587929162182446 0.7210231571669597 0.13194853764970305
0.3097075593923202 0.6824747063632958 0.02845176320697522
0.7334996625432635 0.15415685104890403 0.026719100351705567
0.1536467835237046 0.06594826471004651 0.7311248130754102
0.6498259834450058 0.039933679227502 0.37233250261437845
0.10426494415163219 0.7344617586555229 0.11042982610551152
0.3412429734499938 0.032777954739829356 0.6670673419933557
0.748283584615354 0.050139760382385434 0.007594828766557687
0.739374258563463 0.03402934665110245 0.12111031888418358
0.1312614543147293 0.3971345424898172 0.6225388227031193
0.7192746124100681 0.13915161883686733 0.16056418939921063
0.679878150744359 0.28216002620105834 0.14370601850531092
0.4163710774462949 0.5876844851959233 0.2091938615882743
0.02511877335748534 0.00833572992115207 0.7495328964306349
0.15880083551382437 0.5043035756052203 0.5319400325900479
0.7176422655763655 0.15623846031192373 0.15191814301715556
5.564085649391495E-5 0.5899074372048994 0.4631513925645079
0.1948234981138545 0.5353438534858442 0.48780197121127733
0.3538959074360975 0.040437063586750685 0.660017068406918
0.26257666786769235 0.6885593978812116 0.1394254248010847
0.6897197844523321 0.2151426849087499 0.20124672435913843
0.7243327824789382 0.17571061840721017 0.08347334188395072
0.3712656746715005 0.3265883876993307 0.5639165043077452
0.7133328432353465 0.22839205099378607 0.03864357391117544
0.6289652683145969 0.02152675157095844 0.40796971728395415
0.2156948463048089 0.7144960599145359 0.07396697671358946
0.3098827013429994 0.12380930607581322 0.6716725147997281
0.13341211020353266 0.5098217382144397 0.5336506386157968
0.740017901894557 0.08076663249233203 0.09137973490564752
0.08365110114341855 0.7246029954173399 0.1745078574440478
0.14076055886280872 0.6676618885189733 0.3113102434676826
0.6547414734984792 0.05663144009206409 0.3613951893345279
0.7431889159198174 0.02330072963104623 0.09811886287859001
0.28847807927894875 0.6895038724285041 0.06216757741480435
0.0947503459547873 0.7270686674079069 0.15777681963817936
0.146336085144951 0.5914370112142929 0.4373648499254985
0.2117617728973284 0.1262498128329341 0.7083205039380333
0.7247673859897286 0.05444169434295254 0.18506306525799315
0.3818119318928301 0.275751124617556 0.5836788208736188
0.7499879286295714 0.0029315749739087784 0.0030842791860237807
0.01040158628555118 0.7299338874390872 0.1720125779436094
0.2299111627755403 0.7053812356245854 0.10990072638491481
0.7075905581548071 0.04176976083336699 0.24509363331203038
0.16692214104182176 0.7274188391266682 0.07415410517041308
0.16062660745116406 0.25016858691099053 0.6885599255705257
0.20625947530440167 0.1912020176107524 0.6952688813032915
0.0706086971165008 0.7276549413582473 0.16742968138426367
0.047495923003244706 0.037268757381399634 0.7475661689919604
0.6889791500221284 0.09388754094910849 0.28105668554459784
0.13720503331606124 0.25423775797524145 0.6921256686848575
0.1679355772042066 0.22505733827566846 0.6954472204253614
0.18787176426726468 0.7252990856496645 0.03384429858729797
0.14736273552880294 0.045013814952428885 0.7340013492091799
0.7246604956117719 0.08310320004439631 0.17453086902345388
0.7027315021539087 0.060272678052164616 0.25502086220725384
0.6387459889678342 0.08759474301986446 0.38318497174704985
0.13015846715470483 0.7319596674410732 0.09896372399769049
0.6908188087296974 0.26066391281306905 0.13161952006546146
0.24577508328038092 0.6191734271615923 0.34455605572314385
0.7117109772260982 0.15794753932815137 0.17612512516973408
0.19578494489374554 0.07141799736362132 0.7204635487000871
0.6507617631513144 0.28034229906346614 0.24579935511714163
0.27716395894853324 0.19110279433158375 0.6701938987029322
0.10222437869688836 0.7161293963087482 0.19801228280716046
0.7428080619094727 0.10348449219110677 0.005209898102823231
0.746654914601819 0.0413261566133161 0.05743332900435169
0.03368870052478972 0.05673215790026794 0.7470920517024191
0.7322139220825788 0.14969820746245702 0.06287462915178516
0.03377518826731009 0.4218816918497784 0.6191728956757364
0.5099534482497853 0.07283561917069972 0.5451077445773216
0.06315793616997671 0.7429102817820655 0.08121199616584356
0.04399014099855542 0.636346757351455 0.39449673243667777
0.7489025168757975 0.035649932804687465 0.019341729708514423
0.2371769460820439 0.04573193169369777 0.71003921488236
0.29437211664370816 0.10983622643199077 0.6810147284059894
0.16567910031351088 0.2925416447345557 0.6704251052990979
0.6511579528251902 0.11012518414140897 0.3554796257035391
0.03378599527482132 0.14122906236731525 0.735807623272645
0.7318654417651589 0.13626631720020985 0.09112884256140076
0.4675550797219813 0.48776926479083155 0.3255355460646093
0.5912933671765263 0.06355132499476746 0.4569829132740687
0.7473047679406343 0.01764000474382178 0.061027977566299574
0.7018213835878887 0.12580598746416363 0.2326361946407916
0.024842450674459095 0.7416590770333671 0.10874128056309224
0.11001186452709796 0.0175541001388419 0.7416800140435139
0.7191196164599885 0.14407811053711073 0.15687088731340576
0.49695444495145685 0.5591012857817828 0.054240500367776015
0.12301151896962964 0.7052992855614417 0.2234302664978591
0.7332729265276047 0.10331615199524712 0.1188973841534661
0.22583303723831244 0.4003421416118906 0.5926429017050014
0.03569707918773754 0.7424052756023461 0.10030017594834505
0.09185397828357844 0.09900128100076559 0.7377408711964435
0.30668757855566353 0.019301007021080896 0.6841565612399225
0.04471921300058425 0.08509259281263655 0.7438141183367194
0.3486030008782452 0.6084526050416277 0.26601010356138577
0.552020923955822 0.482385594045607 0.158357311710661
0.6781202278454254 0.20122104680496042 0.24932518306337287
0.17271395332442266 0.06943203496373111 0.7265322311142461
0.1767760244508005 0.23608286564482617 0.6895760420202379
0.11009929748125158 0.04086970005200814 0.7407481436438391
0.6979397574241154 0.2725413205349843 0.03318619604314188
0.726117829321538 0.07840581140989931 0.17060312622731466
0.7331997232774246 0.1524672458278569 0.040888931700106296
0.04094553007440691 0.7363738476803722 0.1362975422351037
0.2043538037592932 0.6614584556419686 0.2884653087441366
0.0536157487032977 0.7432873825469887 0.08455305102378842
0.05061439871766032 0.31343951895625766 0.6794805741144625
0.029698767249687688 0.7148493847641771 0.22496297545624316
0.6324698068831442 0.39607071925906084 0.07489945745336497
0.7421853906137831 0.09287411519776942 0.055093054786403875
0.06295834114753834 0.709790177574434 0.23395330965558836
0.5037283104147889 0.5524155290399722 0.05995725612592386
0.6184373279247503 0.4186814998472513 0.06885545087319439
0.28739901454988465 0.06177884534891083 0.6899892612955005
0.012533518241926724 0.7395739692450064 0.12398893069812958
0.6291835966890356 0.2063421505154253 0.35220862933511243
0.33052196450663124 0.6607554466930458 0.1290638239172804
0.06221838412183941 0.2890476458842558 0.6892607134358066
0.334254526552377 0.6707249426545402 0.030032695188909993
0.09669387012430382 0.05647257346501514 0.7415936514875399
0.03233940786774383 0.19719819572898803 0.7228879818478071
0.706223391613075 0.14623555666950275 0.20582439870939967
0.453212570108506 0.025303366107114197 0.5970411258525595
0.23134076932269054 0.11509263609719018 0.7040846068232037
0.24522854079855771 0.7083331928165802 0.025040981052653427
0.10886466570930241 0.05822152064709204 0.7397693823709806
0.7476086033179722 0.03716779486710008 0.04690342492471074
0.37103301888477636 0.008259826986214186 0.6517409563280544
0.22426108477568701 0.7151678206462195 0.027238835646351257
0.7371147948918548 0.06745502383423539 0.12087844684252703
0.02991770213075033 0.7332480444972419 0.15476510052394396
0.11702558638010957 0.7353334200824626 0.08994316784625722
0.16865654794332197 0.13093424218116367 0.7189653629072031
0.21417531359857625 0.6799247373942808 0.2330907259507976
0.14837497729994117 0.7296934486847 0.08962330644353084
0.7341317489444856 0.14782387298481686 0.04121501871259277
0.2506194151359512 0.6978930902347487 0.11240615356601633
0.22826420377129933 0.09030942994932624 0.7086886905679266
0.033377787027248126 0.30557745420103344 0.6841113526445669
0.12038950038644278 0.6005557392435092 0.43282695417266337
0.1661281604019245 0.15249681366087978 0.7152944541548965
0.03992546501094404 0.7333012194957153 0.15223428894226398
0.16858947279099618 0.7265486264818204 0.07876981034275973
0.12606224197613156 0.6695864746272878 0.313468123011179
0.7388389489114726 0.08620245262311167 0.09584437768148185
0.16350510835767562 0.1208349627309144 0.7219175793141231
0.20460685777397766 0.10186972395148707 0.7143238712894222
0.04726659580943033 0.7283971231470834 0.17234703337058233
0.13454671035751992 0.7373536081039604 0.02658645045959926
0.220123986708633 0.7165060432180992 0.025778295278023965
0.6984298321589475 0.14996775684479816 0.2284851011715291
0.014626484876595968 0.6641124186616619 0.3481964407048298
0.083931832127604 0.23750855709346802 0.7064312654909057
0.677299401345426 0.012771642428087156 0.32187327644092567
0.7234386730266196 0.16307011598765894 0.11200278407814321
0.3049903401711432 0.0731251117003642 0.6812735210186138
0.7260519526134768 0.18687179575348872 0.020675929435553974
0.2203486558783811 0.7163018922451262 0.029292815136860287
0.34231332620809907 0.6655423885862627 0.048733106767779116
0.0010192789961184024 0.6215267703327964 0.4197659286197624
0.09697897927637572 0.3203020574982226 0.6711942114924097
0.21362959017184907 0.6788952867962083 0.23656624393370665
0.739843472763551 0.08571506818128402 0.0882301699864993
0.4936218668794985 0.04377570719057047 0.5629574939534637
0.5414312382775655 0.3212721085753693 0.40759838869745085
0.05479133072281968 0.16841461013221815 0.728789701609206
0.11551612502146567 0.6396151537419523 0.3742305171464291
0.5132658890915464 0.156276036640386 0.5240571795777988
0.04896244618729207 0.743623932603387 0.08441638302385339
0.6576642418855493 0.23048104146056286 0.2772295699819196
0.13661246514552527 0.7184884039878083 0.166166927220535
0.17757586660260014 0.7103460510398226 0.16240473937808983
0.016025992823475044 0.7121205249660172 0.23479251580096405
0.15052036733650984 0.13749495823648697 0.7217608713946946
0.2150007942681039 0.7174634571897798 0.03899802637792865
0.7402439922804614 0.1082996972833085 0.05300950349727822
0.17447541023162264 0.6045608927374708 0.40812309196733687
0.7461434863851601 0.07449905815324862 0.01482525073235708
0.05493713780328017 0.7322961452597785 0.1523951000775706
0.1997207838713129 0.11762599028679331 0.7132851708110015
0.1918206093531622 0.19539228388679472 0.6982311287996861
0.7486617982231049 0.009848897169629887 0.04368650942669859
0.07960082100604297 0.23816967598596442 0.7067099226244844
0.10305913348391463 0.10406086145829457 0.73556111378872
0.21198777865070187 0.7179223508949876 0.04635385408092214
0.5782722071184929 0.11864384327555129 0.46262824484364695
0.3863268501200367 0.6426078300558824 0.017514040858718848
0.18181009906891207 0.04958999626410921 0.7259379588829048
0.023281169967329825 0.3254175347518561 0.6753231931460497
0.14531952222644795 0.7320751413563653 0.07381208483666268
0.4080825835244229 0.2332690383398735 0.5844263518836424
0.29667006607275537 0.30601698990024156 0.6171227380260611
0.19009258691643383 0.010352342480499474 0.7254361704551162
0.7102115037716691 0.2022772579983414 0.1310859672392774
0.40708503214386627 0.6013146490653832 0.18762321131406529
0.017674495957808956 0.24972002316489883 0.7069848104614128
0.3287595705429253 0.0892640448099098 0.6681684481331079
0.010329722409110717 0.09182952929043288 0.7442853178622082
0.02117344817651629 0.49119525725830065 0.5663734671921595
0.038323170406791535 0.02661843065229402 0.7485471219366093
0.5643910034017388 0.2185270887218045 0.4429545199836561
0.15748035148566797 0.02903967529617419 0.7327050130541235
0.0817496477216031 0.7274656545458886 0.1631279146973799
0.5534225207339758 0.4794734890656488 0.1622611685760496
0.30430952806469247 0.6854465293476021 0.007665933365941756
0.7423783997037541 0.04654841665020843 0.09595601367632753
0.16999016850628385 0.0133856112341665 0.7303589309531944
0.7042427407781982 0.03283531320263893 0.25585934469566696
0.6688176282877146 0.3233733384265556 0.10301778529196177
0.184961923209106 0.20497806500660576 0.697332832891824
0.7445986892641521 0.05803535354515322 0.06859074051937289
0.06339582666001713 0.7471415519801498 0.016139097458848947
0.7444087286499681 0.03407915423594169 0.08481895988693264
0.1319086443102338 0.7269981127777008 0.12873947946880035
0.037001162225749964 0.06628549589178805 0.7461482071467594
0.742732430258569 0.09787786619404502 0.035615451022000616
0.002579591985241039 0.7485220621182617 0.04699008648018234
0.16438483670602283 0.3067656469941711 0.6643586857153159
0.2404931083227119 0.16769236723811837 0.6903204580623092
0.018751755895794232 0.01713971771228612 0.7495696109952482
0.5087029220267891 0.004457666555813014 0.551091159727938
0.7059034853909348 0.19110118146907704 0.1663749012142548
0.1741948011581871 0.7247525365202033 0.0830056146112478
0.7012548003803807 0.2650436404368305 0.02221651654658469
0.030938728540978455 0.1133672705696428 0.7407365638604976
0.07168068175687778 0.7313265283583458 0.15007794235729238
0.10048463527426839 0.7248747491132216 0.16419328905847896
0.46051800883418187 0.14878021875020436 0.572963881975157
0.7275530342151934 0.00971999005641126 0.18185737322849727
0.029384716228294333 0.5188880022398078 0.5407326322534676
0.7251789637433924 0.12547082731242606 0.14447332638793586
0.09496825267443622 0.1459368724390743 0.7295090542595519
0.6400529972016477 0.35290624923390534 0.16819435194097437
0.025819816745921254 0.6434770448566167 0.38440945592662357
0.0065128166437454765 0.34216993518059396 0.6673659555879915
0.29422895751771744 0.6895441112196506 0.02140652331274638
0.7242829086115865 0.1744507054863349 0.08649404400570208
0.6591640841432397 0.10110477074524488 0.3431916891595068
0.009809184661828826 0.7031217855639342 0.2608132177663832
0.7149557101424951 0.21245322192689467 0.07875253029282331
0.02034719712739345 0.5509896645576075 0.5084253938580903
0.1576009312987064 0.7142255784538633 0.1659631571645488
0.0682753526419588 0.7326936404453276 0.14490861076067585
0.04107538446055164 0.7471358946753323 0.050997722293340556
0.6780157925265695 0.1476836193455653 0.2845771137346819
0.7459510165385372 9.618704866591783E-4 0.07782130640312995
0.7435474661339994 0.0034847700032678446 0.09810719639115942
0.7394389871740756 0.06097399665849149 0.1095999816535915
0.0322552032171989 0.7309835923102068 0.16468937318079313
0.7425473651695352 0.01295651665992073 0.10466871144626792
0.05475417778036972 0.06624435841281759 0.7450595043310768
0.356145510752737 0.22998664042143346 0.6186812752931306
0.6540522306211104 0.20613235289108645 0.30368591128192673
0.4091243862774871 0.5719638775962667 0.26071931128727777
0.19925184943592203 0.04032374685925288 0.7219229155080171
0.322857376543188 0.6575059222480407 0.16108717087466473
0.03896406112170807 0.7294125286781203 0.17011515202442745
0.16383406598467062 0.10273172584459263 0.7246410085883368
0.4432184565998755 0.21796095643094937 0.564402711900758
0.008355393199105512 0.7432405202834764 0.10011851184089586
0.7168217885235992 0.18177562113469847 0.12499658818912968
0.6583773002965176 0.34823929914556007 0.08814034822303635
0.3912210290305774 0.019884927966569692 0.6395707123407235
0.7485525096776114 0.030456821703817492 0.035235241833302886
0.7326066197904941 0.1365828111048858 0.08445517361200174
0.2801343524838735 0.49152966016207533 0.49236504520466895
0.7084792990415011 0.2454498783518192 0.017647664059032946
0.26242984104390776 0.6825393842137039 0.166645034510024
0.49843215894019544 0.5559474410321033 0.0706245406645006
0.18065295049845628 0.7252819462165754 0.06189192167398686
0.5253809964757472 0.1550853710555495 0.5122727166526766
0.0024056693327149338 0.07673121851471325 0.74606067639322
0.7101488879219939 0.23216343822835836 0.06548812818475144
0.18261849699594795 0.15061773761665612 0.7116633907053116
0.1778553447328012 0.4758871679319493 0.5517235537365477
0.0809204454053667 0.6969336637273363 0.2650195273540973
0.3121135451920796 0.1407697298266172 0.667284810311289
0.03349174593562748 0.1272796432555061 0.7383618322793605
0.05660313821360517 0.05706600884877877 0.7456805987676243
0.09657281749799226 0.7411042526937316 0.06275490068325415
0.19363935269286686 0.3785650828793572 0.6178124951093438
0.22498995422154391 0.20157025111083865 0.6864757492923556
0.47658273385290495 0.2367904963200033 0.5284876144677544
0.7404052804697075 0.11931776573011077 0.007955591351256777
0.2526055888056032 0.09592676411604521 0.6996345277574565
0.07253867522228731 0.745609605996953 0.036117254077019614
0.698211290428069 0.029900336107828614 0.27222594259072674
0.03217512981998483 0.7492151989578822 0.011888930631815293
0.14597091204720625 0.7332858086673313 0.059028939031671064
